632
192
632
288
632
96
632
0
703
192
703
288
703
96
703
0
774
192
774
288
774
96
774
0
845
192
845
288
845
96
845
0
916
192
916
288
916
96
916
0
987
192
987
288
987
96
987
0
1058
192
1058
288
1058
96
1058
0
1129
192
1129
288
1129
96
1129
0
1200
192
1200
288
1200
96
1200
0
1271
192
1271
288
1271
96
1271
0
1342
192
1342
288
1342
96
1342
0
1413
192
1413
288
1413
96
1413
0
1484
192
1484
288
1484
96
1484
0