26
258
26
283
26
308
26
333
26
358
26
383
26
408
26
433
26
458
26
483
26
508
26
533
26
558
26
583
26
608
184
258
184
283
184
308
184
333
184
358
184
383
184
408
184
433
184
458
184
483
184
508
184
533
184
558
184
583
184
608
342
258
342
283
342
308
342
333
342
358
342
383
342
408
342
433
342
458
342
483
342
508
342
533
342
558
342
583
342
608
500
258
500
283
500
308
500
333
500
358
500
383
500
408
500
433
500
458
500
483
500
508
500
533
500
558
500
583
500
608
658
258
658
283
658
308
658
333
658
358
658
383
658
408
658
433
658
458
658
483
658
508
658
533
658
558
658
583
658
608
816
258
816
283
816
308
816
333
816
358
816
383
816
408
816
433
816
458
816
483
816
508
816
533
816
558
816
583
816
608
974
258
974
283
974
308
974
333
974
358
974
383
974
408
974
433
974
458
974
483
974
508
974
533
974
558
974
583
974
608
1132
258
1132
283
1132
308
1132
333
1132
358
1132
383
1132
408
1132
433
1132
458
1132
483
1132
508
1132
533
1132
558
1132
583
1132
608